4.170066667202452226e-01
-1.466381052763557000e-02
6.342980993305821769e-02
5.269434882060614056e-02
2.512096129395895994e-01
-2.073998967651702330e-02
3.253128032723356239e-02
-1.380973189093248343e-01
-1.436288534870739375e-01
9.899064880330338267e-02
-2.080686227756910894e-02
1.522244442397950375e-03
2.864126980973887293e-01
-6.211965621298441015e-02
-1.501481751720676883e-01
2.376610396701927252e-01
-8.332682321400451675e-02
-2.291285640146313030e-01
3.115443807893465977e-01
-3.960742452512210771e-02
-1.292542436535858152e-01
-8.019168567876028275e-02
3.107057341662306515e-01
-1.153400017555179097e-01
-9.934125287628454981e-02
-1.015964115560999276e-01
2.651034949446043343e-02
-6.211965621298441015e-02
1.522244442397950375e-03
-9.934125287628454981e-02
-1.501481751720676883e-01
-1.015964115560999276e-01
3.115443807893465977e-01
-8.332682321400451675e-02
-8.019168567876028275e-02
2.651034949446043343e-02
2.864126980973887293e-01
3.107057341662306515e-01
2.376610396701927252e-01
-3.960742452512210771e-02
-1.292542436535858152e-01
-2.291285640146313030e-01
-1.153400017555179097e-01
7.925443398112578253e-01
-7.876623694901845052e-02
-1.348058806056096903e-01
-1.122081340369621566e-01
-2.248323173483929571e-01
1.611189128935504311e-02
-5.677072931097245645e-01
3.707907124279924971e-01
4.347538924221144852e-02
-9.007637278146597704e-02
-8.097192335980810465e-03
-1.387808498761796683e-01
5.320536259514726390e-02
-2.767672244002662985e-01
-1.207721851121927037e-01
-1.566028752626841269e-01
-4.325404388254390498e-02
-1.593252700821400913e-01
-1.571139504340966081e-02
3.334499341209754553e-01
-6.570057868488894670e-02
4.202154794058387405e-02
-1.480448729410430153e-01
-4.058761302501331381e-01
-3.382254083475715323e-01
7.156774617352071877e-01
2.161912350120549497e-01
-2.527609424690258622e-01
-5.883336044093460254e-02
1.457549857104699365e-01
-1.538779415436294096e-01
2.176394798087010612e-02
-4.717288470359161379e-02
-3.854063112880562469e-01
3.854063112880562469e-01
3.949445422026718888e-01
2.682491749623034938e-01
4.123456488243511520e-01
1.768009650300050167e-02
-2.134444052284120014e-02
-3.723439659966810283e-02
1.694083093143303187e-02
-6.663186620916821193e-03
-1.103389991243724083e-01
-6.595324647971018486e-03
-1.288699204635783760e-02
-2.354967273716760887e-02
1.309518078702157171e-03
-3.289118149381670131e-02
2.043701919599530750e-02
1.757769253032316625e-02
3.001609145391448061e-02
-6.258964230874959449e-03
1.845453424840484344e-02
4.444351360574420179e-02
-3.927172183226543961e-02
2.493783672555153000e-02
1.163403249300474195e-02
8.154304973731622483e-03
-2.073998967651697820e-02
-5.419922316751503259e-03
-9.986043253517274884e-03
5.868899837182996182e-02
-1.334671947864423617e-03
-1.241920036325606241e-02
-2.716514175590029750e-02
-3.046520500690023947e-02
-2.167429119852622155e-02
2.788333376074639963e-02
-5.541888731517077837e-03
9.820214839718427458e-03
1.583364631410544635e-02
-4.029268481078668307e-02
1.041021336945681039e-02
-1.145274255932255195e-02
-1.897667531377365087e-03
1.855833292298059503e-02
-3.797476463045860312e-02
2.963044473778481038e-03
-2.110153772796108385e-02
