-1.276962205422405572e-01
6.792547473096829415e-03
-2.004718408012725467e-02
-2.070425314964774791e-02
-7.921424331006431119e-02
7.439493186608521318e-03
-9.896658202237529692e-03
4.816495717092426215e-02
4.586136150719609395e-02
-3.323063496529231331e-02
6.784487790018342047e-03
7.031166561453495827e-04
-8.885606973929391361e-02
1.579661830035913178e-02
4.962930410315331137e-02
-7.358881763744108684e-02
2.564659417387152307e-02
7.396352501197332729e-02
-9.967327188842348140e-02
1.152873490728813059e-02
3.942468934305994044e-02
2.553000244113738659e-02
-1.005864415220918545e-01
3.494276002004483711e-02
2.838027788814836624e-02
3.432223694864267038e-02
-4.791008513512128031e-03
1.579661830035913178e-02
7.031166561453495827e-04
2.838027788814836624e-02
4.962930410315331137e-02
3.432223694864267038e-02
-9.967327188842348140e-02
2.564659417387152307e-02
2.553000244113738659e-02
-4.791008513512128031e-03
-8.885606973929391361e-02
-1.005864415220918545e-01
-7.358881763744108684e-02
1.152873490728813059e-02
3.942468934305994044e-02
7.396352501197332729e-02
3.494276002004483711e-02
-2.505672219277311763e-01
2.687669796225354221e-02
4.104646950933736604e-02
4.269274933327914939e-02
7.128709410974976013e-02
-6.289984946697568628e-03
1.768699039692617492e-01
-1.205506922820083898e-01
-1.572262116602293064e-02
2.342467524833839743e-02
2.295601366352857317e-03
4.850982619651952182e-02
-2.010884391391751930e-02
9.090992740537642836e-02
4.074103055567671050e-02
5.029819502698445327e-02
1.322765156731771710e-02
5.133140338532383995e-02
6.047452004038792774e-03
-1.059421492969632866e-01
1.942203822328847362e-02
-1.460022881515480458e-02
4.799262530433139051e-02
1.278521106368306903e-01
1.064081732229919114e-01
-2.254021673092941325e-01
-6.876412452089870897e-02
7.945591716491590129e-02
2.116661583438781205e-02
-4.752537096782274983e-02
4.806074079813189154e-02
-5.133651864219856628e-03
1.638097038584359136e-02
1.225241157910143958e-01
-1.225241157910143958e-01
-1.259530413319916997e-01
-8.732237175553886344e-02
-1.358868915121659027e-01
-7.260071301781755720e-03
7.253225140741112638e-03
1.227269700904306399e-02
-1.833070533748625171e-03
2.111348097354648519e-03
3.603177055839551501e-02
1.042056131845423440e-03
2.509200696332201594e-03
1.080209868603273192e-02
-6.488578425751264159e-03
9.133867366516383590e-03
-5.990831141619630366e-03
-3.858759322668975107e-03
-7.903664779159044057e-03
-6.659716224675118991e-04
-4.230122822097635849e-03
-1.246017744413995161e-02
1.233939581056197297e-02
-7.789369767182937818e-03
-3.270496312357184295e-03
6.966172185435008570e-04
9.607145714537719886e-03
3.246919472430107641e-03
4.390929429163549329e-03
-2.037724939246957079e-02
-1.234270415803001390e-03
5.610310248713362702e-03
7.796541264339116283e-03
1.224090418942863807e-02
8.471266493763457070e-03
-8.630293337907641790e-03
2.567105066482925583e-03
-1.895507100012695876e-03
-8.636837225862351031e-03
1.276858723265523153e-02
-2.181302247680731374e-03
1.335112149791702323e-03
-3.026249315790443661e-03
-7.496601949268730768e-03
1.345449373999638848e-02
1.870434157242146199e-03
9.514025618339840224e-04
